-data: M-n200-k17.vrp
-node_num: 200
-vehicle_information:  
 vehicle_index                                                                   route  current_cost  last_visited  vehicle_loads  vehicle_remaining_capacity
             0                     [1, 2, 3, 4, 5, 6, 7, 8, 9, 10, 11, 12, 13, 14, 17]         412.0            17            200                           0
             1    [15, 16, 18, 19, 20, 21, 22, 23, 24, 25, 26, 27, 28, 29, 35, 46, 91]         452.0            91            200                           0
             2                [30, 31, 32, 33, 34, 36, 37, 38, 39, 40, 41, 42, 43, 44]         392.0            44            200                           0
             3                [45, 47, 48, 49, 50, 51, 52, 53, 54, 55, 56, 57, 60, 64]         351.0            64            200                           0
             4                                [58, 59, 61, 62, 63, 65, 66, 67, 68, 69]         269.0            69            200                           0
             5            [70, 71, 72, 73, 74, 75, 76, 77, 78, 79, 80, 81, 82, 83, 84]         271.0            84            199                           1
             6                                [85, 86, 87, 88, 89, 90, 92, 93, 94, 95]         220.0            95            200                           0
             7           [96, 97, 98, 99, 100, 101, 102, 103, 104, 105, 106, 107, 108]         259.0           108            199                           1
             8       [109, 110, 111, 112, 113, 114, 115, 116, 117, 118, 119, 121, 129]         330.0           129            200                           0
             9       [120, 122, 123, 124, 125, 126, 127, 128, 130, 131, 132, 133, 136]         430.0           136            197                           3
            10  [134, 135, 137, 138, 139, 140, 141, 142, 143, 144, 145, 146, 147, 199]         427.0           199            200                           0
            11                 [148, 149, 150, 151, 152, 153, 154, 155, 156, 157, 163]         284.0           163            197                           3
            12                           [158, 159, 160, 161, 162, 164, 165, 166, 168]         269.0           168            195                           5
            13                 [167, 169, 170, 171, 172, 173, 174, 175, 176, 177, 179]         248.0           179            192                           8
            14                      [178, 180, 181, 182, 183, 184, 185, 186, 187, 192]         291.0           192            197                           3
            15                           [188, 189, 190, 191, 193, 194, 195, 196, 197]         230.0           197            190                          10
            16                                                                   [198]          38.0           198             20                         180
-visited_num: [0, 1, 2, 3, 4, 5, 6, 7, 8, 9, 10, 11, 12, 13, 14, 15, 16, 17, 18, 19, 20, 21, 22, 23, 24, 25, 26, 27, 28, 29, 30, 31, 32, 33, 34, 35, 36, 37, 38, 39, 40, 41, 42, 43, 44, 45, 46, 47, 48, 49, 50, 51, 52, 53, 54, 55, 56, 57, 58, 59, 60, 61, 62, 63, 64, 65, 66, 67, 68, 69, 70, 71, 72, 73, 74, 75, 76, 77, 78, 79, 80, 81, 82, 83, 84, 85, 86, 87, 88, 89, 90, 91, 92, 93, 94, 95, 96, 97, 98, 99, 100, 101, 102, 103, 104, 105, 106, 107, 108, 109, 110, 111, 112, 113, 114, 115, 116, 117, 118, 119, 120, 121, 122, 123, 124, 125, 126, 127, 128, 129, 130, 131, 132, 133, 134, 135, 136, 137, 138, 139, 140, 141, 142, 143, 144, 145, 146, 147, 148, 149, 150, 151, 152, 153, 154, 155, 156, 157, 158, 159, 160, 161, 162, 163, 164, 165, 166, 167, 168, 169, 170, 171, 172, 173, 174, 175, 176, 177, 178, 179, 180, 181, 182, 183, 184, 185, 186, 187, 188, 189, 190, 191, 192, 193, 194, 195, 196, 197, 198, 199]
-total_current_cost: 5173.0
-current_solution: 
0: 1->2->3->4->5->6->7->8->9->10->11->12->13->14->17
1: 15->16->18->19->20->21->22->23->24->25->26->27->28->29->35->46->91
2: 30->31->32->33->34->36->37->38->39->40->41->42->43->44
3: 45->47->48->49->50->51->52->53->54->55->56->57->60->64
4: 58->59->61->62->63->65->66->67->68->69
5: 70->71->72->73->74->75->76->77->78->79->80->81->82->83->84
6: 85->86->87->88->89->90->92->93->94->95
7: 96->97->98->99->100->101->102->103->104->105->106->107->108
8: 109->110->111->112->113->114->115->116->117->118->119->121->129
9: 120->122->123->124->125->126->127->128->130->131->132->133->136
10: 134->135->137->138->139->140->141->142->143->144->145->146->147->199
11: 148->149->150->151->152->153->154->155->156->157->163
12: 158->159->160->161->162->164->165->166->168
13: 167->169->170->171->172->173->174->175->176->177->179
14: 178->180->181->182->183->184->185->186->187->192
15: 188->189->190->191->193->194->195->196->197
