-data: g3.mc
-current_solution:
set_a: 0,1,2,3,4,5,6,7,8,9,10,12,14,15,16,18,19,21,22,25,26,33,34,35,42,43,44,45,49,55,56,57,61,63,65,68,71,72,73,75,76,78,84,85,86,88,89,92,93,98,100,102,103,104,105,107,110,114,117,122,123,125,126,127,130,132,134,135,136,139,141,144,147,148,150,152,153,156,158,161,163,166,167,169,170,172,175,176,178,180,182,184,185,190,191,193,195,198,199,200,201,202,208,211,213,214,217,218,219,221,224,225,228,229,232,233,234,235,236,237,240,243,245,252,253,254,255,256,257,259,260,261,263,264,266,267,272,275,276,277,278,280,286,288,289,290,292,294,295,301,302,304,305,307,309,311,313,315,318,319,320,321,322,324,325,327,330,332,333,337,338,340,341,342,344,349,352,354,355,356,357,359,360,364,366,369,370,371,373,374,376,378,380,381,389,390,393,394,395,396,399,400,404,407,408,409,410,412,413,416,417,420,421,423,425,426,428,431,432,434,435,439,440,441,443,444,445,446,447,448,457,459,461,462,463,468,469,473,474,476,477,479,480,483,484,486,488,491,492,499,500,501,502,503,505,506,508,509,510,513,514,515,516,518,521,523,525,527,530,531,533,537,542,543,546,548,549,550,551,553,556,557,559,560,563,566,567,569,570,574,577,580,583,586,587,592,593,596,597,599,601,603,610,611,612,613,614,615,616,618,619,620,623,624,625,633,635,637,639,640,641,642,643,645,646,650,651,652,654,657,659,661,662,663,665,667,668,669,670,674,676,677,678,681,682,684,686,687,691,692,697,699,700,702,705,708,711,713,716,718,720,721,722,723,725,727,728,730,731,732,736,737,742,743,745,749,752,753,755,758,762,764,766,768,769,770,772,773,778,780,781,782,785,786,787,789,791,793,794,797
set_b: 11,13,17,20,23,24,27,28,29,30,31,32,36,37,38,39,40,41,46,47,48,50,51,52,53,54,58,59,60,62,64,66,67,69,70,74,77,79,80,81,82,83,87,90,91,94,95,96,97,99,101,106,108,109,111,112,113,115,116,118,119,120,121,124,128,129,131,133,137,138,140,142,143,145,146,149,151,154,155,157,159,160,162,164,165,168,171,173,174,177,179,181,183,186,187,188,189,192,194,196,197,203,204,205,206,207,209,210,212,215,216,220,222,223,226,227,230,231,238,239,241,242,244,246,247,248,249,250,251,258,262,265,268,269,270,271,273,274,279,281,282,283,284,285,287,291,293,296,297,298,299,300,303,306,308,310,312,314,316,317,323,326,328,329,331,334,335,336,339,343,345,346,347,348,350,351,353,358,361,362,363,365,367,368,372,375,377,379,382,383,384,385,386,387,388,391,392,397,398,401,402,403,405,406,411,414,415,418,419,422,424,427,429,430,433,436,437,438,442,449,450,451,452,453,454,455,456,458,460,464,465,466,467,470,471,472,475,478,481,482,485,487,489,490,493,494,495,496,497,498,504,507,511,512,517,519,520,522,524,526,528,529,532,534,535,536,538,539,540,541,544,545,547,552,554,555,558,561,562,564,565,568,571,572,573,575,576,578,579,581,582,584,585,588,589,590,591,594,595,598,600,602,604,605,606,607,608,609,617,621,622,626,627,628,629,630,631,632,634,636,638,644,647,648,649,653,655,656,658,660,664,666,671,672,673,675,679,680,683,685,688,689,690,693,694,695,696,698,701,703,704,706,707,709,710,712,714,715,717,719,724,726,729,733,734,735,738,739,740,741,744,746,747,748,750,751,754,756,757,759,760,761,763,765,767,771,774,775,776,777,779,783,784,788,790,792,795,796,798,799

-is_complete_solution: True
-is_valid_solution: True
-current_cut_value: 10523.0
-node_num: 800
-set_a_count: 400
-set_b_count: 400
