-data: g2.mc
-current_solution:
set_a: 0,2,4,8,9,10,11,12,13,18,20,22,23,24,26,27,28,29,30,33,38,39,41,42,45,52,56,58,60,61,63,69,70,72,73,74,75,76,80,83,88,89,93,95,96,97,99,101,104,105,106,112,113,114,116,121,123,124,125,126,129,130,132,136,137,138,139,143,145,147,149,150,151,153,159,164,165,166,167,173,174,177,179,181,182,184,188,190,191,195,196,197,198,200,202,205,206,210,212,213,214,217,220,222,223,224,225,227,229,231,236,241,242,245,248,251,252,253,255,256,260,261,262,264,266,268,269,272,275,276,277,278,279,281,286,287,288,289,290,292,295,296,298,300,301,302,305,307,308,309,310,311,312,316,317,318,320,321,323,324,325,326,329,331,333,334,335,336,339,342,344,345,346,348,350,353,354,355,360,361,362,364,367,371,372,374,375,376,381,382,384,385,386,390,394,395,396,399,400,406,409,411,413,415,420,422,423,424,426,427,428,429,432,437,438,442,443,446,447,450,451,454,458,460,461,464,466,467,468,469,470,471,472,473,477,478,479,482,483,484,486,487,488,490,491,494,496,497,499,501,504,506,508,509,510,513,514,515,520,521,524,527,529,530,533,534,535,536,540,542,543,545,547,548,550,551,552,553,554,556,559,563,564,565,566,568,570,573,576,578,580,583,584,585,586,589,591,593,594,597,599,600,601,602,603,604,606,607,609,610,613,615,616,617,620,621,623,625,627,628,629,630,632,635,637,638,639,641,647,654,655,657,658,659,660,661,666,667,671,672,674,675,678,680,686,690,691,692,693,696,699,700,703,704,706,707,709,711,713,714,717,718,720,722,723,724,726,728,730,732,735,736,737,739,741,742,744,746,747,748,750,751,755,756,757,760,765,766,767,768,770,771,773,774,775,776,777,780,782,783,786,788,789,792,799
set_b: 1,3,5,6,7,14,15,16,17,19,21,25,31,32,34,35,36,37,40,43,44,46,47,48,49,50,51,53,54,55,57,59,62,64,65,66,67,68,71,77,78,79,81,82,84,85,86,87,90,91,92,94,98,100,102,103,107,108,109,110,111,115,117,118,119,120,122,127,128,131,133,134,135,140,141,142,144,146,148,152,154,155,156,157,158,160,161,162,163,168,169,170,171,172,175,176,178,180,183,185,186,187,189,192,193,194,199,201,203,204,207,208,209,211,215,216,218,219,221,226,228,230,232,233,234,235,237,238,239,240,243,244,246,247,249,250,254,257,258,259,263,265,267,270,271,273,274,280,282,283,284,285,291,293,294,297,299,303,304,306,313,314,315,319,322,327,328,330,332,337,338,340,341,343,347,349,351,352,356,357,358,359,363,365,366,368,369,370,373,377,378,379,380,383,387,388,389,391,392,393,397,398,401,402,403,404,405,407,408,410,412,414,416,417,418,419,421,425,430,431,433,434,435,436,439,440,441,444,445,448,449,452,453,455,456,457,459,462,463,465,474,475,476,480,481,485,489,492,493,495,498,500,502,503,505,507,511,512,516,517,518,519,522,523,525,526,528,531,532,537,538,539,541,544,546,549,555,557,558,560,561,562,567,569,571,572,574,575,577,579,581,582,587,588,590,592,595,596,598,605,608,611,612,614,618,619,622,624,626,631,633,634,636,640,642,643,644,645,646,648,649,650,651,652,653,656,662,663,664,665,668,669,670,673,676,677,679,681,682,683,684,685,687,688,689,694,695,697,698,701,702,705,708,710,712,715,716,719,721,725,727,729,731,733,734,738,740,743,745,749,752,753,754,758,759,761,762,763,764,769,772,778,779,781,784,785,787,790,791,793,794,795,796,797,798

-is_complete_solution: True
-is_valid_solution: True
-current_cut_value: 11481.0
-node_num: 800
-set_a_count: 405
-set_b_count: 395
