-data: g10.rud
-node_num: 800
-set_a_count: 398
-set_b_count: 402
-current_cut_value: 1734.0
-current_solution:
set_a: 1,4,5,6,7,8,10,11,13,15,17,18,19,20,21,23,27,29,30,32,35,39,44,46,47,48,51,52,53,54,55,56,57,61,62,63,64,67,68,69,71,72,74,80,82,84,86,87,91,93,95,96,101,104,107,110,114,116,117,119,120,121,123,126,127,129,133,136,137,139,141,143,146,148,150,151,153,154,155,156,157,158,160,161,163,164,165,166,167,169,170,176,178,180,183,189,190,192,193,194,196,197,198,199,201,203,204,205,206,208,210,211,216,217,218,222,223,224,225,228,229,231,232,234,236,237,240,242,245,246,247,248,251,253,255,256,257,259,260,265,267,268,270,271,272,274,275,278,285,288,289,290,291,293,294,296,300,304,305,306,310,314,315,318,319,320,321,323,325,327,332,333,334,337,338,339,340,342,344,345,346,349,352,353,354,361,363,364,365,368,369,370,371,373,377,379,386,388,389,391,393,394,397,401,404,408,410,411,412,413,415,416,418,420,422,423,425,426,428,429,430,432,436,438,442,443,445,451,453,456,457,462,465,468,469,470,471,478,483,484,485,486,487,488,489,491,492,494,495,496,497,499,501,504,508,513,514,520,521,523,524,525,527,533,535,541,543,545,549,550,552,554,560,561,563,565,566,567,571,572,577,578,579,581,584,585,589,590,591,593,595,596,597,603,604,606,607,608,610,612,613,616,617,620,621,623,627,628,629,633,635,636,638,639,640,641,645,646,649,650,651,652,653,654,661,663,666,670,671,672,674,676,677,679,681,682,683,684,687,689,690,692,696,697,698,699,702,705,706,709,710,711,712,713,714,716,717,719,722,723,724,725,726,727,733,736,740,741,742,743,747,749,750,751,752,753,757,758,759,760,763,766,768,771,774,776,778,780,781,782,785,787,789,792,794,795,798,799
set_b: 0,2,3,9,12,14,16,22,24,25,26,28,31,33,34,36,37,38,40,41,42,43,45,49,50,58,59,60,65,66,70,73,75,76,77,78,79,81,83,85,88,89,90,92,94,97,98,99,100,102,103,105,106,108,109,111,112,113,115,118,122,124,125,128,130,131,132,134,135,138,140,142,144,145,147,149,152,159,162,168,171,172,173,174,175,177,179,181,182,184,185,186,187,188,191,195,200,202,207,209,212,213,214,215,219,220,221,226,227,230,233,235,238,239,241,243,244,249,250,252,254,258,261,262,263,264,266,269,273,276,277,279,280,281,282,283,284,286,287,292,295,297,298,299,301,302,303,307,308,309,311,312,313,316,317,322,324,326,328,329,330,331,335,336,341,343,347,348,350,351,355,356,357,358,359,360,362,366,367,372,374,375,376,378,380,381,382,383,384,385,387,390,392,395,396,398,399,400,402,403,405,406,407,409,414,417,419,421,424,427,431,433,434,435,437,439,440,441,444,446,447,448,449,450,452,454,455,458,459,460,461,463,464,466,467,472,473,474,475,476,477,479,480,481,482,490,493,498,500,502,503,505,506,507,509,510,511,512,515,516,517,518,519,522,526,528,529,530,531,532,534,536,537,538,539,540,542,544,546,547,548,551,553,555,556,557,558,559,562,564,568,569,570,573,574,575,576,580,582,583,586,587,588,592,594,598,599,600,601,602,605,609,611,614,615,618,619,622,624,625,626,630,631,632,634,637,642,643,644,647,648,655,656,657,658,659,660,662,664,665,667,668,669,673,675,678,680,685,686,688,691,693,694,695,700,701,703,704,707,708,715,718,720,721,728,729,730,731,732,734,735,737,738,739,744,745,746,748,754,755,756,761,762,764,765,767,769,770,772,773,775,777,779,783,784,786,788,790,791,793,796,797

-is_complete_solution: True
