-data: g10.rud
-node_num: 800
-set_a_count: 410
-set_b_count: 390
-current_cut_value: 1734.0
-current_solution:
set_a: 1,2,3,4,5,6,7,8,12,13,15,16,17,18,19,20,21,22,23,24,26,27,30,36,41,42,43,44,47,50,51,52,53,54,55,56,59,62,67,68,72,73,74,76,80,82,84,86,87,88,89,90,95,99,101,103,107,108,111,114,116,118,119,120,121,123,124,126,127,128,130,131,132,133,137,138,140,141,143,144,146,147,148,150,153,154,155,156,157,158,160,161,162,163,164,165,166,167,169,171,175,176,177,179,180,183,184,185,188,189,192,193,195,197,201,205,206,208,210,213,215,216,217,218,219,221,223,224,230,231,232,234,236,240,242,245,248,251,252,253,255,257,259,261,266,270,274,275,277,279,282,287,291,293,295,298,300,303,306,309,310,317,319,322,323,324,325,326,328,330,331,332,333,335,336,340,342,346,351,352,354,355,356,357,358,360,361,364,366,367,368,369,370,372,373,376,377,382,390,394,395,397,398,400,402,403,405,406,407,408,410,411,413,414,418,420,421,423,424,428,429,430,432,433,435,436,440,442,445,447,449,450,451,456,457,458,460,466,468,469,470,471,475,477,480,482,483,485,487,488,490,492,495,499,501,502,503,504,506,507,508,510,511,513,514,517,519,520,521,523,524,527,530,537,545,552,553,554,557,560,561,562,565,566,568,569,570,571,572,574,575,577,578,579,581,582,584,585,588,591,593,594,596,597,599,600,601,602,603,605,607,610,612,613,617,619,620,622,627,629,633,634,638,639,640,641,642,644,645,646,649,650,651,652,657,658,660,662,664,666,669,670,674,675,676,678,680,681,682,683,684,687,692,696,699,702,704,705,706,707,708,709,710,711,713,717,718,719,721,722,723,724,725,726,727,729,731,733,734,736,740,741,744,745,749,751,754,757,759,760,763,766,768,769,771,772,774,778,782,783,784,785,786,787,792,793,794,795,798,799
set_b: 0,9,10,11,14,25,28,29,31,32,33,34,35,37,38,39,40,45,46,48,49,57,58,60,61,63,64,65,66,69,70,71,75,77,78,79,81,83,85,91,92,93,94,96,97,98,100,102,104,105,106,109,110,112,113,115,117,122,125,129,134,135,136,139,142,145,149,151,152,159,168,170,172,173,174,178,181,182,186,187,190,191,194,196,198,199,200,202,203,204,207,209,211,212,214,220,222,225,226,227,228,229,233,235,237,238,239,241,243,244,246,247,249,250,254,256,258,260,262,263,264,265,267,268,269,271,272,273,276,278,280,281,283,284,285,286,288,289,290,292,294,296,297,299,301,302,304,305,307,308,311,312,313,314,315,316,318,320,321,327,329,334,337,338,339,341,343,344,345,347,348,349,350,353,359,362,363,365,371,374,375,378,379,380,381,383,384,385,386,387,388,389,391,392,393,396,399,401,404,409,412,415,416,417,419,422,425,426,427,431,434,437,438,439,441,443,444,446,448,452,453,454,455,459,461,462,463,464,465,467,472,473,474,476,478,479,481,484,486,489,491,493,494,496,497,498,500,505,509,512,515,516,518,522,525,526,528,529,531,532,533,534,535,536,538,539,540,541,542,543,544,546,547,548,549,550,551,555,556,558,559,563,564,567,573,576,580,583,586,587,589,590,592,595,598,604,606,608,609,611,614,615,616,618,621,623,624,625,626,628,630,631,632,635,636,637,643,647,648,653,654,655,656,659,661,663,665,667,668,671,672,673,677,679,685,686,688,689,690,691,693,694,695,697,698,700,701,703,712,714,715,716,720,728,730,732,735,737,738,739,742,743,746,747,748,750,752,753,755,756,758,761,762,764,765,767,770,773,775,776,777,779,780,781,788,789,790,791,796,797

-is_complete_solution: True
