-data: E-n101-k14.vrp
-node_num: 101
-vehicle_information:  
 vehicle_index                                          route  current_cost  last_visited  vehicle_loads  vehicle_remaining_capacity
             0               [27, 28, 12, 24, 26, 40, 58, 53]          77.0            53            112                           0
             1            [13, 97, 91, 37, 92, 95, 94, 6, 89]          59.0            89            111                           1
             2  [1, 69, 70, 31, 88, 7, 82, 46, 8, 60, 18, 52]         111.0            52            112                           0
             3              [59, 17, 61, 100, 98, 93, 99, 96]          78.0            96            112                           0
             4        [50, 33, 34, 78, 79, 3, 55, 80, 77, 76]         118.0            76            112                           0
             5        [87, 42, 43, 15, 57, 2, 41, 73, 72, 21]         101.0            21            110                           2
             6                    [90, 83, 45, 84, 5, 85, 74]         151.0            74            112                           0
             7                    [75, 56, 4, 25, 54, 29, 68]         107.0            68            112                           0
             8                   [62, 10, 11, 63, 32, 20, 30]         101.0            30            110                           2
             9                               [39, 67, 23, 22]          94.0            22            103                           9
            10                        [81, 9, 35, 71, 66, 51]         101.0            51            100                          12
            11                       [19, 64, 36, 47, 48, 44]         153.0            44            112                           0
            12                               [14, 38, 86, 16]          91.0            16             90                          22
            13                                       [65, 49]         151.0            49             50                          62
-visited_num: [0, 1, 2, 3, 4, 5, 6, 7, 8, 9, 10, 11, 12, 13, 14, 15, 16, 17, 18, 19, 20, 21, 22, 23, 24, 25, 26, 27, 28, 29, 30, 31, 32, 33, 34, 35, 36, 37, 38, 39, 40, 41, 42, 43, 44, 45, 46, 47, 48, 49, 50, 51, 52, 53, 54, 55, 56, 57, 58, 59, 60, 61, 62, 63, 64, 65, 66, 67, 68, 69, 70, 71, 72, 73, 74, 75, 76, 77, 78, 79, 80, 81, 82, 83, 84, 85, 86, 87, 88, 89, 90, 91, 92, 93, 94, 95, 96, 97, 98, 99, 100]
-total_current_cost: 1493.0
-current_solution: 
0: 27->28->12->24->26->40->58->53
1: 13->97->91->37->92->95->94->6->89
2: 1->69->70->31->88->7->82->46->8->60->18->52
3: 59->17->61->100->98->93->99->96
4: 50->33->34->78->79->3->55->80->77->76
5: 87->42->43->15->57->2->41->73->72->21
6: 90->83->45->84->5->85->74
7: 75->56->4->25->54->29->68
8: 62->10->11->63->32->20->30
9: 39->67->23->22
10: 81->9->35->71->66->51
11: 19->64->36->47->48->44
12: 14->38->86->16
