-data: E-n101-k14.vrp
-node_num: 101
-vehicle_information:  
 vehicle_index                                         route  current_cost  last_visited  vehicle_loads  vehicle_remaining_capacity
             0  [53, 2, 91, 6, 89, 60, 46, 64, 65, 3, 1, 27]         231.0            27            112                           0
             1  [20, 70, 69, 21, 40, 13, 92, 37, 38, 14, 17]         194.0            17            111                           1
             2                       [88, 19, 5, 96, 94, 95]          93.0            95            110                           2
             3            [8, 31, 10, 90, 51, 9, 78, 76, 77]         140.0            77            111                           1
             4              [54, 80, 29, 81, 71, 36, 11, 62]         177.0            62            110                           2
             5                     [99, 93, 98, 100, 85, 61]          59.0            61            112                           0
             6              [73, 15, 57, 42, 87, 97, 59, 82]         116.0            82            111                           1
             7                  [72, 75, 74, 41, 63, 66, 30]         165.0            30            112                           0
             8                      [84, 22, 56, 23, 68, 34]         167.0            34            110                           2
             9                                  [48, 79, 39]         142.0            39             90                          22
            10               [58, 28, 4, 67, 55, 50, 35, 33]         174.0            33            112                           0
            11           [26, 25, 24, 12, 52, 18, 83, 49, 7]         178.0             7            112                           0
            12                          [32, 16, 86, 44, 43]         153.0            43            102                          10
            13                                      [47, 45]          81.0            45             43                          69
-visited_num: [0, 1, 2, 3, 4, 5, 6, 7, 8, 9, 10, 11, 12, 13, 14, 15, 16, 17, 18, 19, 20, 21, 22, 23, 24, 25, 26, 27, 28, 29, 30, 31, 32, 33, 34, 35, 36, 37, 38, 39, 40, 41, 42, 43, 44, 45, 46, 47, 48, 49, 50, 51, 52, 53, 54, 55, 56, 57, 58, 59, 60, 61, 62, 63, 64, 65, 66, 67, 68, 69, 70, 71, 72, 73, 74, 75, 76, 77, 78, 79, 80, 81, 82, 83, 84, 85, 86, 87, 88, 89, 90, 91, 92, 93, 94, 95, 96, 97, 98, 99, 100]
-total_current_cost: 2070.0
-current_solution: 
0: 53,2,91,6,89,60,46,64,65,3,1,27
1: 20,70,69,21,40,13,92,37,38,14,17
2: 88,19,5,96,94,95
3: 8,31,10,90,51,9,78,76,77
4: 54,80,29,81,71,36,11,62
5: 99,93,98,100,85,61
6: 73,15,57,42,87,97,59,82
7: 72,75,74,41,63,66,30
8: 84,22,56,23,68,34
9: 48,79,39
10: 58,28,4,67,55,50,35,33
11: 26,25,24,12,52,18,83,49,7
12: 32,16,86,44,43
