-data: A-n80-k10.vrp
-node_num: 80
-vehicle_information:  
 vehicle_index                                                 route  current_cost  last_visited  vehicle_loads  vehicle_remaining_capacity
             0              [13, 42, 51, 77, 53, 70, 67, 36, 73, 49]         119.0            49            100                           0
             1                            [1, 7, 14, 71, 10, 21, 40]         140.0            40             99                           1
             2                  [38, 58, 32, 45, 50, 33, 72, 76, 66]         222.0            66            100                           0
             3                            [74, 29, 5, 31, 60, 39, 3]         152.0             3             99                           1
             4                          [12, 44, 23, 24, 11, 63, 62]         160.0            62            100                           0
             5               [52, 34, 6, 30, 78, 68, 43, 59, 27, 17]         242.0            17            100                           0
             6  [46, 25, 41, 75, 19, 47, 26, 65, 69, 56, 55, 15, 64]         289.0            64            100                           0
             7                                   [2, 48, 18, 79, 28]         216.0            28             99                           1
             8                        [20, 16, 57, 35, 54, 9, 22, 4]         366.0             4            100                           0
             9                                           [61, 8, 37]         219.0            37             45                          55
-visited_num: [0, 1, 2, 3, 4, 5, 6, 7, 8, 9, 10, 11, 12, 13, 14, 15, 16, 17, 18, 19, 20, 21, 22, 23, 24, 25, 26, 27, 28, 29, 30, 31, 32, 33, 34, 35, 36, 37, 38, 39, 40, 41, 42, 43, 44, 45, 46, 47, 48, 49, 50, 51, 52, 53, 54, 55, 56, 57, 58, 59, 60, 61, 62, 63, 64, 65, 66, 67, 68, 69, 70, 71, 72, 73, 74, 75, 76, 77, 78, 79]
-total_current_cost: 2125.0
-current_solution: 
0: 13->42->51->77->53->70->67->36->73->49
1: 1->7->14->71->10->21->40
2: 38->58->32->45->50->33->72->76->66
3: 74->29->5->31->60->39->3
4: 12->44->23->24->11->63->62
5: 52->34->6->30->78->68->43->59->27->17
6: 46->25->41->75->19->47->26->65->69->56->55->15->64
7: 2->48->18->79->28
8: 20->16->57->35->54->9->22->4
