-data: M-n200-k17.vrp
-node_num: 200
-vehicle_information:  
 vehicle_index                                                                   route  current_cost  last_visited  vehicle_loads  vehicle_remaining_capacity
             0                  [146, 28, 154, 138, 26, 180, 40, 105, 53, 6, 112, 156]          61.0           156            200                           0
             1                 [111, 176, 1, 132, 69, 101, 162, 31, 190, 127, 167, 27]          51.0            27            199                           1
             2               [89, 60, 147, 183, 94, 92, 91, 95, 117, 13, 137, 152, 58]          81.0            58            199                           1
             3          [88, 148, 70, 189, 10, 90, 159, 62, 182, 7, 194, 106, 153, 52]          91.0            52            199                           1
             4               [18, 114, 8, 46, 174, 45, 125, 199, 83, 17, 84, 118, 166]          97.0           166            199                           1
             5                [149, 179, 195, 130, 54, 163, 68, 150, 80, 177, 109, 12]          75.0            12            200                           0
             6                     [97, 151, 59, 37, 98, 100, 85, 61, 93, 104, 99, 96]          64.0            96            198                           2
             7              [184, 116, 158, 3, 77, 196, 76, 185, 78, 33, 157, 102, 50]          79.0            50            199                           1
             8  [87, 142, 42, 172, 144, 57, 73, 55, 74, 133, 22, 41, 145, 178, 115, 2]         135.0             2            200                           0
             9                  [139, 155, 4, 110, 198, 197, 56, 186, 75, 171, 72, 21]          92.0            21            198                           2
            10                 [193, 191, 192, 14, 140, 119, 44, 141, 16, 113, 173, 5]         106.0             5            199                           1
            11                  [123, 107, 11, 175, 19, 168, 47, 143, 36, 124, 48, 82]         111.0            82            196                           4
            12                   [24, 51, 9, 71, 161, 103, 188, 20, 128, 160, 30, 122]         125.0           122            199                           1
            13            [165, 121, 29, 129, 79, 169, 34, 164, 136, 35, 135, 120, 81]         132.0            81            199                           1
            14                        [38, 43, 15, 23, 67, 39, 187, 170, 25, 134, 131]         220.0           131            195                           5
            15                                 [65, 66, 32, 181, 64, 49, 63, 126, 108]         172.0           108            172                          28
            16                                                                    [86]          70.0            86             35                         165
-visited_num: [0, 1, 2, 3, 4, 5, 6, 7, 8, 9, 10, 11, 12, 13, 14, 15, 16, 17, 18, 19, 20, 21, 22, 23, 24, 25, 26, 27, 28, 29, 30, 31, 32, 33, 34, 35, 36, 37, 38, 39, 40, 41, 42, 43, 44, 45, 46, 47, 48, 49, 50, 51, 52, 53, 54, 55, 56, 57, 58, 59, 60, 61, 62, 63, 64, 65, 66, 67, 68, 69, 70, 71, 72, 73, 74, 75, 76, 77, 78, 79, 80, 81, 82, 83, 84, 85, 86, 87, 88, 89, 90, 91, 92, 93, 94, 95, 96, 97, 98, 99, 100, 101, 102, 103, 104, 105, 106, 107, 108, 109, 110, 111, 112, 113, 114, 115, 116, 117, 118, 119, 120, 121, 122, 123, 124, 125, 126, 127, 128, 129, 130, 131, 132, 133, 134, 135, 136, 137, 138, 139, 140, 141, 142, 143, 144, 145, 146, 147, 148, 149, 150, 151, 152, 153, 154, 155, 156, 157, 158, 159, 160, 161, 162, 163, 164, 165, 166, 167, 168, 169, 170, 171, 172, 173, 174, 175, 176, 177, 178, 179, 180, 181, 182, 183, 184, 185, 186, 187, 188, 189, 190, 191, 192, 193, 194, 195, 196, 197, 198, 199]
-total_current_cost: 1762.0
-current_solution: 
0: 146->28->154->138->26->180->40->105->53->6->112->156
1: 111->176->1->132->69->101->162->31->190->127->167->27
2: 89->60->147->183->94->92->91->95->117->13->137->152->58
3: 88->148->70->189->10->90->159->62->182->7->194->106->153->52
4: 18->114->8->46->174->45->125->199->83->17->84->118->166
5: 149->179->195->130->54->163->68->150->80->177->109->12
6: 97->151->59->37->98->100->85->61->93->104->99->96
7: 184->116->158->3->77->196->76->185->78->33->157->102->50
8: 87->142->42->172->144->57->73->55->74->133->22->41->145->178->115->2
9: 139->155->4->110->198->197->56->186->75->171->72->21
10: 193->191->192->14->140->119->44->141->16->113->173->5
11: 123->107->11->175->19->168->47->143->36->124->48->82
12: 24->51->9->71->161->103->188->20->128->160->30->122
13: 165->121->29->129->79->169->34->164->136->35->135->120->81
14: 38->43->15->23->67->39->187->170->25->134->131
15: 65->66->32->181->64->49->63->126->108
