-data: A-n80-k10.vrp
-node_num: 80
-visited_num: 80
-vehicle_information:  vehicle_index                                    route  current_cost  last_visited  vehicle_loads  vehicle_remaining_capacity
             0         [49, 73, 40, 13, 42, 36, 21, 77]         215.0            77            100                           0
             1   [1, 51, 7, 53, 66, 67, 70, 10, 14, 31]         350.0            31            100                           0
             2                  [3, 38, 62, 74, 12, 33]         315.0            33            100                           0
             3     [58, 39, 44, 29, 60, 63, 23, 72, 34]         402.0            34            100                           0
             4  [5, 71, 11, 17, 76, 50, 27, 64, 52, 54]         507.0            54             99                           1
             5       [24, 30, 59, 6, 28, 32, 78, 15, 4]         518.0             4             99                           1
             6             [45, 46, 22, 79, 25, 47, 65]         504.0            65            100                           0
             7              [41, 48, 2, 37, 20, 18, 43]         452.0            43            100                           0
             8           [75, 55, 8, 9, 61, 68, 19, 26]         486.0            26             99                           1
             9                     [57, 16, 56, 69, 35]         310.0            35             45                          55
-total_current_cost: 4059.0
-current_solution:
vehicle 0: 0->49->73->40->13->42->36->21->77->0
vehicle 1: 0->1->51->7->53->66->67->70->10->14->31->0
vehicle 2: 0->3->38->62->74->12->33->0
vehicle 3: 0->58->39->44->29->60->63->23->72->34->0
vehicle 4: 0->5->71->11->17->76->50->27->64->52->54->0
vehicle 5: 0->24->30->59->6->28->32->78->15->4->0
vehicle 6: 0->45->46->22->79->25->47->65->0
vehicle 7: 0->41->48->2->37->20->18->43->0
vehicle 8: 0->75->55->8->9->61->68->19->26->0
vehicle 9: 0->57->16->56->69->35->0
