-data: F-n135-k7.vrp
-node_num: 135
-vehicle_information:  
 vehicle_index                                                                                                                                                                       route  current_cost  last_visited  vehicle_loads  vehicle_remaining_capacity
             0  [73, 74, 77, 64, 76, 134, 32, 34, 49, 50, 52, 51, 53, 102, 101, 100, 99, 35, 36, 98, 37, 93, 39, 38, 96, 97, 104, 103, 56, 105, 57, 55, 54, 58, 61, 62, 48, 1, 75, 47, 72]          90.0            72           2210                           0
             1                          [23, 24, 22, 26, 59, 60, 31, 30, 29, 92, 94, 45, 44, 43, 40, 41, 42, 2, 4, 5, 6, 8, 9, 10, 12, 11, 14, 88, 15, 13, 16, 89, 90, 28, 27, 25, 21, 91]         119.0            91           2186                          24
             2                                                                                                          [79, 63, 78, 67, 133, 80, 33, 66, 71, 17, 18, 118, 46, 19, 82, 20]         165.0            20           2197                          13
             3                                                                                                                      [95, 3, 7, 87, 85, 84, 86, 83, 65, 119, 116, 117, 122]         330.0           122           2209                           1
             4                                                                                                     [132, 81, 115, 109, 112, 127, 126, 125, 124, 111, 123, 110, 70, 69, 68]         378.0            68           2209                           1
             5                                                                                                                                         [128, 129, 113, 121, 120, 131, 130]         264.0           130           2204                           6
             6                                                                                                                                                        [108, 107, 106, 114]         302.0           114           1405                         805
-visited_num: [0, 1, 2, 3, 4, 5, 6, 7, 8, 9, 10, 11, 12, 13, 14, 15, 16, 17, 18, 19, 20, 21, 22, 23, 24, 25, 26, 27, 28, 29, 30, 31, 32, 33, 34, 35, 36, 37, 38, 39, 40, 41, 42, 43, 44, 45, 46, 47, 48, 49, 50, 51, 52, 53, 54, 55, 56, 57, 58, 59, 60, 61, 62, 63, 64, 65, 66, 67, 68, 69, 70, 71, 72, 73, 74, 75, 76, 77, 78, 79, 80, 81, 82, 83, 84, 85, 86, 87, 88, 89, 90, 91, 92, 93, 94, 95, 96, 97, 98, 99, 100, 101, 102, 103, 104, 105, 106, 107, 108, 109, 110, 111, 112, 113, 114, 115, 116, 117, 118, 119, 120, 121, 122, 123, 124, 125, 126, 127, 128, 129, 130, 131, 132, 133, 134]
-total_current_cost: 1648.0
-current_solution: 
0: 73->74->77->64->76->134->32->34->49->50->52->51->53->102->101->100->99->35->36->98->37->93->39->38->96->97->104->103->56->105->57->55->54->58->61->62->48->1->75->47->72
1: 23->24->22->26->59->60->31->30->29->92->94->45->44->43->40->41->42->2->4->5->6->8->9->10->12->11->14->88->15->13->16->89->90->28->27->25->21->91
2: 79->63->78->67->133->80->33->66->71->17->18->118->46->19->82->20
3: 95->3->7->87->85->84->86->83->65->119->116->117->122
4: 132->81->115->109->112->127->126->125->124->111->123->110->70->69->68
5: 128->129->113->121->120->131->130
