-data: g6.mc
-current_solution:
set_a: 1,3,4,6,7,10,11,12,15,16,17,21,24,26,31,35,36,43,45,46,48,50,51,52,54,55,56,58,63,65,72,73,76,77,79,80,83,93,100,101,103,104,109,110,114,116,117,118,119,121,125,130,131,135,137,138,140,141,143,144,148,149,152,155,157,160,161,163,166,167,171,174,175,180,181,182,183,184,186,187,188,191,192,193,195,198,200,203,205,208,210,211,212,214,217,220,221,222,224,226,229,230,234,237,238,241,245,246,247,248,250,251,252,253,254,255,256,259,263,264,267,269,270,271,273,276,277,278,279,280,281,282,285,288,291,293,294,295,297,299,300,301,304,305,308,312,313,315,324,326,327,328,331,333,336,338,340,341,342,344,345,346,347,348,352,353,356,357,358,360,361,362,363,364,365,367,368,369,372,375,377,378,379,381,382,383,385,387,388,390,391,392,394,395,396,399,400,402,403,408,409,410,412,414,416,418,419,420,422,424,425,429,432,433,436,437,438,439,440,441,442,446,448,449,450,452,453,454,455,458,459,462,463,464,465,467,468,469,472,474,476,478,479,480,481,483,484,485,486,489,490,491,493,494,497,499,500,504,517,518,519,520,522,535,536,538,543,544,545,546,547,549,550,552,553,554,556,559,560,561,562,565,566,567,573,574,575,580,583,585,594,595,596,597,598,600,602,604,608,609,612,614,619,620,621,624,625,628,632,633,637,641,648,649,656,657,659,660,661,662,664,666,667,672,674,676,677,678,679,680,681,683,686,688,689,690,691,692,697,700,702,707,708,709,710,711,716,717,719,720,721,722,723,725,726,727,728,729,730,733,734,735,737,749,750,751,752,759,761,762,763,768,769,770,771,774,777,778,781,782,783,784,786,787,789,790,792,793,795
set_b: 0,2,5,8,9,13,14,18,19,20,22,23,25,27,28,29,30,32,33,34,37,38,39,40,41,42,44,47,49,53,57,59,60,61,62,64,66,67,68,69,70,71,74,75,78,81,82,84,85,86,87,88,89,90,91,92,94,95,96,97,98,99,102,105,106,107,108,111,112,113,115,120,122,123,124,126,127,128,129,132,133,134,136,139,142,145,146,147,150,151,153,154,156,158,159,162,164,165,168,169,170,172,173,176,177,178,179,185,189,190,194,196,197,199,201,202,204,206,207,209,213,215,216,218,219,223,225,227,228,231,232,233,235,236,239,240,242,243,244,249,257,258,260,261,262,265,266,268,272,274,275,283,284,286,287,289,290,292,296,298,302,303,306,307,309,310,311,314,316,317,318,319,320,321,322,323,325,329,330,332,334,335,337,339,343,349,350,351,354,355,359,366,370,371,373,374,376,380,384,386,389,393,397,398,401,404,405,406,407,411,413,415,417,421,423,426,427,428,430,431,434,435,443,444,445,447,451,456,457,460,461,466,470,471,473,475,477,482,487,488,492,495,496,498,501,502,503,505,506,507,508,509,510,511,512,513,514,515,516,521,523,524,525,526,527,528,529,530,531,532,533,534,537,539,540,541,542,548,551,555,557,558,563,564,568,569,570,571,572,576,577,578,579,581,582,584,586,587,588,589,590,591,592,593,599,601,603,605,606,607,610,611,613,615,616,617,618,622,623,626,627,629,630,631,634,635,636,638,639,640,642,643,644,645,646,647,650,651,652,653,654,655,658,663,665,668,669,670,671,673,675,682,684,685,687,693,694,695,696,698,699,701,703,704,705,706,712,713,714,715,718,724,731,732,736,738,739,740,741,742,743,744,745,746,747,748,753,754,755,756,757,758,760,764,765,766,767,772,773,775,776,779,780,785,788,791,794,796,797,798,799

-is_complete_solution: True
-is_valid_solution: True
-current_cut_value: 2012.0
-node_num: 800
-set_a_count: 389
-set_b_count: 411
