-data: E-n101-k14.vrp
-node_num: 101
-vehicle_information:  
 vehicle_index                                     route  current_cost  last_visited  vehicle_loads  vehicle_remaining_capacity
             0   [1, 2, 3, 4, 5, 6, 7, 8, 9, 17, 46, 91]         373.0            91            112                           0
             1          [10, 11, 12, 13, 14, 15, 18, 55]         249.0            55            112                           0
             2          [16, 19, 20, 21, 22, 23, 24, 25]         246.0            25            112                           0
             3              [26, 27, 28, 29, 30, 31, 36]         169.0            36            111                           1
             4              [32, 33, 34, 35, 37, 38, 39]         253.0            39            111                           1
             5  [40, 41, 42, 43, 44, 45, 47, 50, 51, 92]         230.0            92            112                           0
             6                  [48, 49, 52, 53, 54, 60]         172.0            60            110                           2
             7          [56, 57, 58, 59, 61, 62, 63, 64]         197.0            64            110                           2
             8                      [65, 66, 67, 68, 69]         203.0            69            112                           0
             9      [70, 71, 72, 73, 74, 75, 76, 77, 78]         186.0            78            110                           2
            10      [79, 80, 81, 82, 83, 84, 88, 90, 96]         210.0            96            112                           0
            11                          [85, 86, 87, 98]          90.0            98            112                           0
            12                  [89, 93, 94, 95, 97, 99]          62.0            99            105                           7
            13                                     [100]          48.0           100             17                          95
-visited_num: [0, 1, 2, 3, 4, 5, 6, 7, 8, 9, 10, 11, 12, 13, 14, 15, 16, 17, 18, 19, 20, 21, 22, 23, 24, 25, 26, 27, 28, 29, 30, 31, 32, 33, 34, 35, 36, 37, 38, 39, 40, 41, 42, 43, 44, 45, 46, 47, 48, 49, 50, 51, 52, 53, 54, 55, 56, 57, 58, 59, 60, 61, 62, 63, 64, 65, 66, 67, 68, 69, 70, 71, 72, 73, 74, 75, 76, 77, 78, 79, 80, 81, 82, 83, 84, 85, 86, 87, 88, 89, 90, 91, 92, 93, 94, 95, 96, 97, 98, 99, 100]
-total_current_cost: 2688.0
-current_solution: 
0: 1->2->3->4->5->6->7->8->9->17->46->91
1: 10->11->12->13->14->15->18->55
2: 16->19->20->21->22->23->24->25
3: 26->27->28->29->30->31->36
4: 32->33->34->35->37->38->39
5: 40->41->42->43->44->45->47->50->51->92
6: 48->49->52->53->54->60
7: 56->57->58->59->61->62->63->64
8: 65->66->67->68->69
9: 70->71->72->73->74->75->76->77->78
10: 79->80->81->82->83->84->88->90->96
11: 85->86->87->98
12: 89->93->94->95->97->99
