-data: F-n135-k7.vrp
-node_num: 135
-vehicle_information:  
 vehicle_index                                                                                                                                                                 route  current_cost  last_visited  vehicle_loads  vehicle_remaining_capacity
             0                                                                                                    [120, 54, 3, 41, 42, 43, 8, 7, 4, 5, 6, 9, 28, 30, 22, 24, 91, 25]         347.0            25           2209                           1
             1  [20, 21, 26, 27, 60, 96, 90, 89, 16, 13, 14, 15, 12, 11, 10, 29, 31, 59, 73, 75, 134, 76, 74, 64, 63, 79, 77, 133, 71, 46, 118, 66, 81, 122, 121, 127, 111, 117, 19]         406.0            19           2209                           1
             2                                                                                       [105, 40, 101, 100, 86, 84, 65, 130, 119, 131, 116, 113, 129, 125, 112, 69, 80]         346.0            80           2061                         149
             3                                                 [82, 87, 88, 92, 56, 51, 52, 103, 36, 55, 57, 62, 53, 37, 93, 94, 99, 39, 38, 97, 50, 48, 67, 68, 126, 128, 124, 123]         308.0           123           2201                           9
             4                                                                                                               [102, 35, 44, 95, 104, 61, 98, 49, 34, 32, 70, 110, 33]         254.0            33           2209                           1
             5                                                                                              [17, 18, 115, 114, 106, 107, 108, 109, 78, 72, 47, 1, 45, 2, 58, 23, 85]         474.0            85           2199                          11
             6                                                                                                                                                             [83, 132]         200.0           132           1532                         678
-visited_num: [0, 1, 2, 3, 4, 5, 6, 7, 8, 9, 10, 11, 12, 13, 14, 15, 16, 17, 18, 19, 20, 21, 22, 23, 24, 25, 26, 27, 28, 29, 30, 31, 32, 33, 34, 35, 36, 37, 38, 39, 40, 41, 42, 43, 44, 45, 46, 47, 48, 49, 50, 51, 52, 53, 54, 55, 56, 57, 58, 59, 60, 61, 62, 63, 64, 65, 66, 67, 68, 69, 70, 71, 72, 73, 74, 75, 76, 77, 78, 79, 80, 81, 82, 83, 84, 85, 86, 87, 88, 89, 90, 91, 92, 93, 94, 95, 96, 97, 98, 99, 100, 101, 102, 103, 104, 105, 106, 107, 108, 109, 110, 111, 112, 113, 114, 115, 116, 117, 118, 119, 120, 121, 122, 123, 124, 125, 126, 127, 128, 129, 130, 131, 132, 133, 134]
-total_current_cost: 2335.0
-current_solution: 
0: 120,54,3,41,42,43,8,7,4,5,6,9,28,30,22,24,91,25
1: 20,21,26,27,60,96,90,89,16,13,14,15,12,11,10,29,31,59,73,75,134,76,74,64,63,79,77,133,71,46,118,66,81,122,121,127,111,117,19
2: 105,40,101,100,86,84,65,130,119,131,116,113,129,125,112,69,80
3: 82,87,88,92,56,51,52,103,36,55,57,62,53,37,93,94,99,39,38,97,50,48,67,68,126,128,124,123
4: 102,35,44,95,104,61,98,49,34,32,70,110,33
5: 17,18,115,114,106,107,108,109,78,72,47,1,45,2,58,23,85
