-data: P-n101-k4.vrp
-node_num: 101
-vehicle_information:  
 vehicle_index                                                                                                                    route  current_cost  last_visited  vehicle_loads  vehicle_remaining_capacity
             0  [1, 2, 3, 4, 5, 6, 7, 8, 9, 10, 11, 12, 13, 14, 15, 16, 17, 18, 19, 20, 21, 22, 23, 24, 25, 26, 27, 28, 29, 35, 46, 91]         805.0            91            400                           0
             1         [30, 31, 32, 33, 34, 36, 37, 38, 39, 40, 41, 42, 43, 44, 45, 47, 48, 49, 50, 51, 52, 53, 54, 55, 56, 57, 60, 64]         707.0            64            400                           0
             2                     [58, 59, 61, 62, 63, 65, 66, 67, 68, 69, 70, 71, 72, 73, 74, 75, 76, 77, 78, 79, 80, 81, 82, 83, 84]         516.0            84            399                           1
             3                                                            [85, 86, 87, 88, 89, 90, 92, 93, 94, 95, 96, 97, 98, 99, 100]         259.0           100            259                         141
-visited_num: [0, 1, 2, 3, 4, 5, 6, 7, 8, 9, 10, 11, 12, 13, 14, 15, 16, 17, 18, 19, 20, 21, 22, 23, 24, 25, 26, 27, 28, 29, 30, 31, 32, 33, 34, 35, 36, 37, 38, 39, 40, 41, 42, 43, 44, 45, 46, 47, 48, 49, 50, 51, 52, 53, 54, 55, 56, 57, 58, 59, 60, 61, 62, 63, 64, 65, 66, 67, 68, 69, 70, 71, 72, 73, 74, 75, 76, 77, 78, 79, 80, 81, 82, 83, 84, 85, 86, 87, 88, 89, 90, 91, 92, 93, 94, 95, 96, 97, 98, 99, 100]
-total_current_cost: 2287.0
-current_solution: 
0: 1->2->3->4->5->6->7->8->9->10->11->12->13->14->15->16->17->18->19->20->21->22->23->24->25->26->27->28->29->35->46->91
1: 30->31->32->33->34->36->37->38->39->40->41->42->43->44->45->47->48->49->50->51->52->53->54->55->56->57->60->64
2: 58->59->61->62->63->65->66->67->68->69->70->71->72->73->74->75->76->77->78->79->80->81->82->83->84
