-data: P-n101-k4.vrp
-node_num: 101
-visited_num: 101
-vehicle_information:  vehicle_index                                                                                                                      route  current_cost  last_visited  vehicle_loads  vehicle_remaining_capacity
             0  [53, 27, 28, 58, 89, 6, 13, 26, 40, 52, 69, 94, 1, 12, 95, 96, 18, 76, 31, 50, 97, 99, 2, 21, 59, 60, 87, 92, 91, 17, 46]         496.0            46            400                           0
             1              [88, 73, 77, 93, 5, 7, 37, 68, 70, 80, 83, 98, 3, 72, 54, 57, 82, 85, 84, 100, 4, 10, 30, 33, 42, 61, 74, 55]         805.0            55            400                           0
             2             [62, 8, 79, 22, 51, 48, 75, 81, 16, 41, 45, 56, 15, 24, 29, 78, 9, 14, 19, 20, 44, 90, 11, 25, 32, 39, 43, 63]        1200.0            63            400                           0
             3                                                                       [47, 86, 23, 34, 66, 71, 35, 36, 38, 49, 67, 64, 65]         669.0            65            258                         142
-total_current_cost: 3170.0
-current_solution:
vehicle 0: 0->53->27->28->58->89->6->13->26->40->52->69->94->1->12->95->96->18->76->31->50->97->99->2->21->59->60->87->92->91->17->46->0
vehicle 1: 0->88->73->77->93->5->7->37->68->70->80->83->98->3->72->54->57->82->85->84->100->4->10->30->33->42->61->74->55->0
vehicle 2: 0->62->8->79->22->51->48->75->81->16->41->45->56->15->24->29->78->9->14->19->20->44->90->11->25->32->39->43->63->0
vehicle 3: 0->47->86->23->34->66->71->35->36->38->49->67->64->65->0
