-data: M-n200-k17.vrp
-node_num: 200
-visited_num: 200
-vehicle_information:  vehicle_index                                                            route  current_cost last_visited  vehicle_loads  vehicle_remaining_capacity
             0           [156, 53, 27, 112, 146, 28, 105, 58, 89, 111, 152, 92]         133.0           92            200                           0
             1   [167, 138, 147, 154, 6, 13, 26, 40, 52, 132, 183, 69, 117, 91]         255.0           91            200                           0
             2            [94, 180, 137, 176, 127, 166, 1, 12, 95, 96, 149, 18]         237.0           18            200                           0
             3   [76, 162, 184, 190, 195, 31, 50, 97, 99, 101, 104, 109, 2, 60]         350.0           60            200                           0
             4            [153, 196, 21, 59, 87, 106, 116, 118, 151, 7, 17, 46]         319.0           46            200                           0
             5      [88, 115, 178, 179, 194, 198, 73, 77, 93, 102, 177, 37, 55]         394.0           55            200                           0
             6     [5, 68, 70, 80, 83, 98, 110, 144, 150, 157, 3, 72, 148, 199]         402.0          199            200                           0
             7               [158, 182, 54, 57, 82, 85, 122, 84, 100, 114, 130]         388.0          130            198                           2
             8    [171, 172, 4, 10, 30, 33, 42, 61, 62, 74, 145, 155, 173, 185]         442.0          185            199                           1
             9           [189, 193, 197, 8, 79, 129, 134, 159, 22, 51, 108, 24]         450.0           24            200                           0
            10             [133, 163, 48, 75, 81, 121, 125, 16, 41, 45, 56, 78]         503.0           78            200                           0
            11  [123, 142, 165, 174, 191, 192, 15, 29, 169, 119, 139, 141, 160]         523.0          160            198                           2
            12    [186, 9, 14, 19, 20, 44, 90, 113, 120, 124, 187, 107, 25, 36]         811.0           36            200                           0
            13          [128, 168, 188, 11, 32, 39, 43, 47, 103, 126, 131, 175]         441.0          175            199                           1
            14                             [63, 86, 164, 23, 34, 161, 170, 135]         418.0          135            195                           5
            15             [66, 71, 35, 181, 38, 140, 143, 49, 67, 136, 64, 65]         527.0           65            197                           3
            16                                                               []           0.0         None              0                         200
-total_current_cost: 6593.0
-current_solution:
vehicle 0: 0->156->53->27->112->146->28->105->58->89->111->152->92->0
vehicle 1: 0->167->138->147->154->6->13->26->40->52->132->183->69->117->91->0
vehicle 2: 0->94->180->137->176->127->166->1->12->95->96->149->18->0
vehicle 3: 0->76->162->184->190->195->31->50->97->99->101->104->109->2->60->0
vehicle 4: 0->153->196->21->59->87->106->116->118->151->7->17->46->0
vehicle 5: 0->88->115->178->179->194->198->73->77->93->102->177->37->55->0
vehicle 6: 0->5->68->70->80->83->98->110->144->150->157->3->72->148->199->0
vehicle 7: 0->158->182->54->57->82->85->122->84->100->114->130->0
vehicle 8: 0->171->172->4->10->30->33->42->61->62->74->145->155->173->185->0
vehicle 9: 0->189->193->197->8->79->129->134->159->22->51->108->24->0
vehicle 10: 0->133->163->48->75->81->121->125->16->41->45->56->78->0
vehicle 11: 0->123->142->165->174->191->192->15->29->169->119->139->141->160->0
vehicle 12: 0->186->9->14->19->20->44->90->113->120->124->187->107->25->36->0
vehicle 13: 0->128->168->188->11->32->39->43->47->103->126->131->175->0
vehicle 14: 0->63->86->164->23->34->161->170->135->0
vehicle 15: 0->66->71->35->181->38->140->143->49->67->136->64->65->0
vehicle 16: 0->0
