-data: E-n101-k14.vrp
-node_num: 101
-visited_num: 101
-vehicle_information:  vehicle_index                                        route  current_cost  last_visited  vehicle_loads  vehicle_remaining_capacity
             0          [53, 27, 28, 58, 89, 6, 13, 69, 91]         142.0            91            112                           0
             1              [26, 40, 52, 94, 1, 12, 95, 46]         195.0            46            112                           0
             2  [96, 18, 76, 31, 50, 97, 99, 2, 60, 92, 17]         240.0            17            111                           1
             3          [21, 59, 87, 88, 73, 77, 7, 37, 55]         289.0            55            112                           0
             4                  [93, 5, 68, 70, 80, 83, 42]         215.0            42            111                           1
             5              [98, 3, 72, 54, 57, 82, 84, 10]         255.0            10            112                           0
             6                     [85, 100, 4, 30, 33, 24]         173.0            24            112                           0
             7          [61, 62, 74, 8, 79, 22, 51, 41, 56]         385.0            56            111                           1
             8                     [48, 75, 81, 16, 15, 78]         294.0            78            110                           2
             9              [45, 29, 9, 14, 19, 20, 44, 90]         401.0            90            108                           4
            10                 [11, 25, 32, 39, 43, 47, 36]         358.0            36            111                           1
            11                     [63, 86, 23, 34, 71, 35]         258.0            35            111                           1
            12                         [66, 38, 49, 67, 64]         408.0            64            105                           7
            13                                         [65]         100.0            65             20                          92
-total_current_cost: 3713.0
-current_solution:
vehicle 0: 0->53->27->28->58->89->6->13->69->91->0
vehicle 1: 0->26->40->52->94->1->12->95->46->0
vehicle 2: 0->96->18->76->31->50->97->99->2->60->92->17->0
vehicle 3: 0->21->59->87->88->73->77->7->37->55->0
vehicle 4: 0->93->5->68->70->80->83->42->0
vehicle 5: 0->98->3->72->54->57->82->84->10->0
vehicle 6: 0->85->100->4->30->33->24->0
vehicle 7: 0->61->62->74->8->79->22->51->41->56->0
vehicle 8: 0->48->75->81->16->15->78->0
vehicle 9: 0->45->29->9->14->19->20->44->90->0
vehicle 10: 0->11->25->32->39->43->47->36->0
vehicle 11: 0->63->86->23->34->71->35->0
vehicle 12: 0->66->38->49->67->64->0
vehicle 13: 0->65->0
