-data: g10.rud
-node_num: 800
-set_a_count: 396
-set_b_count: 404
-current_cut_value: 1714.0
-current_solution:
set_a: 1,5,6,7,10,11,17,18,20,21,23,27,29,32,34,35,39,40,41,42,44,45,46,47,51,52,53,54,55,56,58,60,61,66,67,70,74,75,76,79,81,82,85,86,87,89,91,92,96,97,99,100,101,103,106,107,108,112,116,119,120,122,123,125,129,132,133,135,136,141,143,147,148,150,153,154,155,156,157,158,164,166,167,168,169,172,176,177,179,183,185,186,189,192,193,194,195,199,200,201,202,204,205,208,213,215,217,218,220,221,222,226,228,234,238,240,242,243,245,246,253,254,255,256,257,258,259,262,265,266,267,268,269,270,272,273,275,278,282,283,285,287,289,290,293,294,296,298,299,301,305,309,311,312,313,318,319,320,322,327,329,334,337,338,342,343,345,346,347,348,349,350,351,353,354,355,360,365,369,371,378,379,381,382,383,388,391,394,398,401,404,408,410,411,413,414,415,416,418,419,420,422,423,425,426,427,428,430,431,432,433,434,435,436,437,438,439,442,443,450,451,453,455,456,457,458,459,461,465,466,471,472,475,476,477,479,483,488,489,492,493,496,498,499,500,505,507,508,510,512,513,515,516,519,520,521,522,523,524,527,528,531,534,535,536,537,538,540,542,543,544,546,547,549,550,553,554,555,556,557,561,565,567,569,571,572,573,574,575,577,578,579,583,584,585,587,589,590,591,593,594,595,596,597,601,603,605,610,614,616,618,619,620,621,622,623,624,625,626,627,630,631,637,640,642,647,648,649,650,651,653,654,655,657,661,663,666,668,669,670,671,672,673,674,676,677,679,682,684,690,693,695,697,698,701,705,706,708,710,714,719,721,724,725,726,728,732,735,737,741,742,747,750,752,754,758,759,763,768,770,771,773,774,775,777,778,781,783,784,785,786,788,791,792,795,798
set_b: 0,2,3,4,8,9,12,13,14,15,16,19,22,24,25,26,28,30,31,33,36,37,38,43,48,49,50,57,59,62,63,64,65,68,69,71,72,73,77,78,80,83,84,88,90,93,94,95,98,102,104,105,109,110,111,113,114,115,117,118,121,124,126,127,128,130,131,134,137,138,139,140,142,144,145,146,149,151,152,159,160,161,162,163,165,170,171,173,174,175,178,180,181,182,184,187,188,190,191,196,197,198,203,206,207,209,210,211,212,214,216,219,223,224,225,227,229,230,231,232,233,235,236,237,239,241,244,247,248,249,250,251,252,260,261,263,264,271,274,276,277,279,280,281,284,286,288,291,292,295,297,300,302,303,304,306,307,308,310,314,315,316,317,321,323,324,325,326,328,330,331,332,333,335,336,339,340,341,344,352,356,357,358,359,361,362,363,364,366,367,368,370,372,373,374,375,376,377,380,384,385,386,387,389,390,392,393,395,396,397,399,400,402,403,405,406,407,409,412,417,421,424,429,440,441,444,445,446,447,448,449,452,454,460,462,463,464,467,468,469,470,473,474,478,480,481,482,484,485,486,487,490,491,494,495,497,501,502,503,504,506,509,511,514,517,518,525,526,529,530,532,533,539,541,545,548,551,552,558,559,560,562,563,564,566,568,570,576,580,581,582,586,588,592,598,599,600,602,604,606,607,608,609,611,612,613,615,617,628,629,632,633,634,635,636,638,639,641,643,644,645,646,652,656,658,659,660,662,664,665,667,675,678,680,681,683,685,686,687,688,689,691,692,694,696,699,700,702,703,704,707,709,711,712,713,715,716,717,718,720,722,723,727,729,730,731,733,734,736,738,739,740,743,744,745,746,748,749,751,753,755,756,757,760,761,762,764,765,766,767,769,772,776,779,780,782,787,789,790,793,794,796,797,799

-is_complete_solution: True
