-data: g7.mc
-current_solution:
set_a: 0,1,2,4,6,7,11,12,13,14,15,18,20,21,24,26,27,29,30,31,35,40,41,43,44,45,48,51,52,54,55,57,58,59,61,62,63,64,66,70,71,72,73,74,75,76,78,80,81,84,91,92,93,95,99,102,103,104,107,108,112,113,115,116,118,120,122,123,124,125,135,136,137,140,141,144,148,149,151,152,155,159,161,163,164,170,172,174,175,176,179,180,182,184,188,191,193,195,196,197,198,200,202,203,204,207,208,209,210,213,215,216,218,222,223,224,225,227,228,229,230,231,233,234,236,237,238,240,242,244,247,248,250,251,252,256,258,260,261,262,264,265,268,271,272,274,275,277,278,281,282,284,285,286,287,289,290,294,297,300,301,302,304,309,310,312,314,315,316,317,318,321,323,324,325,326,327,328,331,333,334,335,336,344,347,350,354,356,357,360,361,362,364,365,366,367,368,373,374,377,378,380,381,383,384,387,388,389,390,391,395,396,397,398,400,401,402,404,410,411,412,413,414,418,419,420,422,423,426,427,428,429,430,431,432,434,435,436,437,438,442,443,444,445,447,448,450,451,455,456,457,461,462,463,464,465,469,472,478,480,482,483,484,486,487,488,490,492,495,496,497,498,501,503,504,505,508,509,510,512,516,517,519,522,524,525,527,529,530,531,532,533,534,535,539,542,543,545,548,549,550,551,556,558,559,561,563,567,573,575,581,582,586,593,595,598,601,602,604,607,610,611,612,613,614,615,616,618,620,621,624,627,628,629,630,632,634,635,638,640,641,642,647,652,653,654,657,658,659,661,663,666,671,674,679,684,685,688,689,695,696,697,699,700,701,702,703,704,705,706,707,712,713,714,715,717,718,719,723,724,725,726,727,728,729,732,733,735,737,739,740,744,746,747,750,754,755,757,758,760,761,762,763,767,768,769,770,771,772,773,775,776,778,779,780,783,784,785,786,787,791,797
set_b: 3,5,8,9,10,16,17,19,22,23,25,28,32,33,34,36,37,38,39,42,46,47,49,50,53,56,60,65,67,68,69,77,79,82,83,85,86,87,88,89,90,94,96,97,98,100,101,105,106,109,110,111,114,117,119,121,126,127,128,129,130,131,132,133,134,138,139,142,143,145,146,147,150,153,154,156,157,158,160,162,165,166,167,168,169,171,173,177,178,181,183,185,186,187,189,190,192,194,199,201,205,206,211,212,214,217,219,220,221,226,232,235,239,241,243,245,246,249,253,254,255,257,259,263,266,267,269,270,273,276,279,280,283,288,291,292,293,295,296,298,299,303,305,306,307,308,311,313,319,320,322,329,330,332,337,338,339,340,341,342,343,345,346,348,349,351,352,353,355,358,359,363,369,370,371,372,375,376,379,382,385,386,392,393,394,399,403,405,406,407,408,409,415,416,417,421,424,425,433,439,440,441,446,449,452,453,454,458,459,460,466,467,468,470,471,473,474,475,476,477,479,481,485,489,491,493,494,499,500,502,506,507,511,513,514,515,518,520,521,523,526,528,536,537,538,540,541,544,546,547,552,553,554,555,557,560,562,564,565,566,568,569,570,571,572,574,576,577,578,579,580,583,584,585,587,588,589,590,591,592,594,596,597,599,600,603,605,606,608,609,617,619,622,623,625,626,631,633,636,637,639,643,644,645,646,648,649,650,651,655,656,660,662,664,665,667,668,669,670,672,673,675,676,677,678,680,681,682,683,686,687,690,691,692,693,694,698,708,709,710,711,716,720,721,722,730,731,734,736,738,741,742,743,745,748,749,751,752,753,756,759,764,765,766,774,777,781,782,788,789,790,792,793,794,795,796,798,799

-is_complete_solution: True
-is_valid_solution: True
-current_cut_value: 1786.0
-node_num: 800
-set_a_count: 422
-set_b_count: 378
