-data: F-n135-k7.vrp
-node_num: 135
-vehicle_information:  
 vehicle_index                                                                                                                                     route  current_cost  last_visited  vehicle_loads  vehicle_remaining_capacity
             0               [1, 2, 3, 4, 5, 6, 7, 8, 9, 10, 11, 12, 13, 14, 15, 16, 17, 18, 19, 20, 21, 22, 23, 24, 25, 26, 27, 28, 29, 30, 31, 32, 34]         244.0            34           2202                           8
             1  [33, 35, 36, 37, 38, 39, 40, 41, 42, 43, 44, 45, 46, 47, 48, 49, 50, 51, 52, 53, 54, 55, 56, 57, 58, 59, 60, 61, 62, 63, 64, 65, 70, 79]         403.0            79           2208                           2
             2                                                  [66, 67, 68, 69, 71, 72, 73, 74, 75, 76, 77, 78, 80, 81, 82, 84, 85, 86, 87, 88, 89, 90]         369.0            90           2204                           6
             3                                                                         [83, 91, 92, 93, 94, 95, 96, 97, 98, 99, 100, 101, 102, 104, 116]         308.0           116           2201                           9
             4                                                                    [103, 105, 106, 107, 108, 109, 110, 111, 112, 113, 115, 117, 118, 133]         487.0           133           2204                           6
             5                                                                         [114, 119, 120, 121, 122, 123, 124, 125, 126, 127, 128, 129, 134]         389.0           134           2058                         152
             6                                                                                                                           [130, 131, 132]         184.0           132           1543                         667
-visited_num: [0, 1, 2, 3, 4, 5, 6, 7, 8, 9, 10, 11, 12, 13, 14, 15, 16, 17, 18, 19, 20, 21, 22, 23, 24, 25, 26, 27, 28, 29, 30, 31, 32, 33, 34, 35, 36, 37, 38, 39, 40, 41, 42, 43, 44, 45, 46, 47, 48, 49, 50, 51, 52, 53, 54, 55, 56, 57, 58, 59, 60, 61, 62, 63, 64, 65, 66, 67, 68, 69, 70, 71, 72, 73, 74, 75, 76, 77, 78, 79, 80, 81, 82, 83, 84, 85, 86, 87, 88, 89, 90, 91, 92, 93, 94, 95, 96, 97, 98, 99, 100, 101, 102, 103, 104, 105, 106, 107, 108, 109, 110, 111, 112, 113, 114, 115, 116, 117, 118, 119, 120, 121, 122, 123, 124, 125, 126, 127, 128, 129, 130, 131, 132, 133, 134]
-total_current_cost: 2384.0
-current_solution: 
0: 1->2->3->4->5->6->7->8->9->10->11->12->13->14->15->16->17->18->19->20->21->22->23->24->25->26->27->28->29->30->31->32->34
1: 33->35->36->37->38->39->40->41->42->43->44->45->46->47->48->49->50->51->52->53->54->55->56->57->58->59->60->61->62->63->64->65->70->79
2: 66->67->68->69->71->72->73->74->75->76->77->78->80->81->82->84->85->86->87->88->89->90
3: 83->91->92->93->94->95->96->97->98->99->100->101->102->104->116
4: 103->105->106->107->108->109->110->111->112->113->115->117->118->133
5: 114->119->120->121->122->123->124->125->126->127->128->129->134
