-data: A-n80-k10.vrp
-node_num: 80
-vehicle_information:  
 vehicle_index                                     route  current_cost  last_visited  vehicle_loads  vehicle_remaining_capacity
             0            [1, 2, 3, 4, 5, 8, 14, 15, 31]         557.0            31            100                           0
             1                 [6, 7, 9, 10, 11, 26, 33]         507.0            33            100                           0
             2              [12, 13, 16, 17, 18, 19, 24]         475.0            24             99                           1
             3          [20, 21, 22, 23, 25, 27, 29, 34]         517.0            34             99                           1
             4  [28, 30, 32, 35, 36, 37, 38, 43, 44, 47]         843.0            47            100                           0
             5                  [39, 40, 41, 42, 45, 48]         506.0            48            100                           0
             6  [46, 49, 50, 51, 52, 53, 54, 55, 56, 57]         588.0            57            100                           0
             7      [58, 59, 60, 61, 62, 64, 65, 67, 70]         464.0            70            100                           0
             8  [63, 66, 68, 69, 71, 72, 73, 74, 77, 78]         661.0            78            100                           0
             9                              [75, 76, 79]         323.0            79             44                          56
-visited_num: [0, 1, 2, 3, 4, 5, 6, 7, 8, 9, 10, 11, 12, 13, 14, 15, 16, 17, 18, 19, 20, 21, 22, 23, 24, 25, 26, 27, 28, 29, 30, 31, 32, 33, 34, 35, 36, 37, 38, 39, 40, 41, 42, 43, 44, 45, 46, 47, 48, 49, 50, 51, 52, 53, 54, 55, 56, 57, 58, 59, 60, 61, 62, 63, 64, 65, 66, 67, 68, 69, 70, 71, 72, 73, 74, 75, 76, 77, 78, 79]
-total_current_cost: 5441.0
-current_solution: 
0: 1->2->3->4->5->8->14->15->31
1: 6->7->9->10->11->26->33
2: 12->13->16->17->18->19->24
3: 20->21->22->23->25->27->29->34
4: 28->30->32->35->36->37->38->43->44->47
5: 39->40->41->42->45->48
6: 46->49->50->51->52->53->54->55->56->57
7: 58->59->60->61->62->64->65->67->70
8: 63->66->68->69->71->72->73->74->77->78
