-data: F-n135-k7.vrp
-node_num: 135
-visited_num: 135
-vehicle_information:  vehicle_index                                                                                                                                  route  current_cost  last_visited  vehicle_loads  vehicle_remaining_capacity
             0      [72, 91, 73, 21, 22, 23, 24, 46, 118, 47, 66, 74, 25, 75, 26, 60, 71, 76, 77, 134, 1, 17, 32, 59, 64, 18, 20, 48, 78, 82, 133, 6]         499.0             6           2205                           5
             1  [27, 31, 61, 28, 30, 34, 62, 49, 50, 51, 52, 58, 63, 54, 55, 29, 53, 56, 57, 79, 102, 103, 90, 104, 105, 89, 92, 101, 93, 94, 97, 98]         269.0            98           2208                           2
             2                                   [99, 100, 35, 36, 67, 96, 37, 38, 39, 45, 87, 16, 95, 19, 40, 43, 44, 13, 15, 41, 42, 3, 14, 10, 88]         369.0            88           2206                           4
             3                                                                             [2, 12, 4, 11, 9, 33, 80, 5, 8, 86, 7, 68, 84, 85, 83, 65]         521.0            65           2210                           0
             4                                                                    [130, 69, 70, 119, 81, 132, 117, 111, 112, 113, 116, 125, 124, 122]         454.0           122           2192                          18
             5                                                                           [131, 110, 123, 126, 128, 129, 127, 121, 115, 114, 106, 109]         420.0           109           2209                           1
             6                                                                                                                        [120, 107, 108]         305.0           108           1390                         820
-total_current_cost: 2837.0
-current_solution:
vehicle 0: 0->72->91->73->21->22->23->24->46->118->47->66->74->25->75->26->60->71->76->77->134->1->17->32->59->64->18->20->48->78->82->133->6->0
vehicle 1: 0->27->31->61->28->30->34->62->49->50->51->52->58->63->54->55->29->53->56->57->79->102->103->90->104->105->89->92->101->93->94->97->98->0
vehicle 2: 0->99->100->35->36->67->96->37->38->39->45->87->16->95->19->40->43->44->13->15->41->42->3->14->10->88->0
vehicle 3: 0->2->12->4->11->9->33->80->5->8->86->7->68->84->85->83->65->0
vehicle 4: 0->130->69->70->119->81->132->117->111->112->113->116->125->124->122->0
vehicle 5: 0->131->110->123->126->128->129->127->121->115->114->106->109->0
vehicle 6: 0->120->107->108->0
