-data: B-n78-k10.vrp
-node_num: 78
-vehicle_information:  
 vehicle_index                                       route  current_cost  last_visited  vehicle_loads  vehicle_remaining_capacity
             0         [64, 36, 59, 13, 3, 31, 47, 27, 52]         308.0            52            100                           0
             1                [43, 67, 56, 8, 5, 4, 19, 6]         219.0             6            100                           0
             2      [63, 30, 75, 70, 9, 61, 7, 65, 49, 69]         229.0            69             99                           1
             3            [29, 20, 54, 74, 28, 16, 77, 23]         249.0            23            100                           0
             4        [71, 22, 12, 34, 46, 60, 40, 26, 44]         211.0            44             98                           2
             5                                [15, 42, 18]         165.0            18             50                          50
             6  [17, 21, 24, 1, 72, 58, 38, 2, 35, 55, 11]         248.0            11             99                           1
             7                        [37, 57, 76, 45, 51]         118.0            51             92                           8
             8            [50, 39, 48, 33, 14, 41, 66, 10]         201.0            10            100                           0
             9                    [32, 73, 62, 68, 53, 25]         216.0            25             99                           1
-visited_num: [0, 1, 2, 3, 4, 5, 6, 7, 8, 9, 10, 11, 12, 13, 14, 15, 16, 17, 18, 19, 20, 21, 22, 23, 24, 25, 26, 27, 28, 29, 30, 31, 32, 33, 34, 35, 36, 37, 38, 39, 40, 41, 42, 43, 44, 45, 46, 47, 48, 49, 50, 51, 52, 53, 54, 55, 56, 57, 58, 59, 60, 61, 62, 63, 64, 65, 66, 67, 68, 69, 70, 71, 72, 73, 74, 75, 76, 77]
-total_current_cost: 2164.0
-current_solution: 
0: 64,36,59,13,3,31,47,27,52
1: 43,67,56,8,5,4,19,6
2: 63,30,75,70,9,61,7,65,49,69
3: 29,20,54,74,28,16,77,23
4: 71,22,12,34,46,60,40,26,44
5: 15,42,18
6: 17,21,24,1,72,58,38,2,35,55,11
7: 37,57,76,45,51
8: 50,39,48,33,14,41,66,10
