-data: B-n78-k10.vrp
-node_num: 78
-vehicle_information:  
 vehicle_index                                                  route  current_cost  last_visited  vehicle_loads  vehicle_remaining_capacity
             0                                     [1, 2, 3, 4, 5, 6]         307.0             6            100                           0
             1  [7, 8, 9, 10, 11, 12, 13, 14, 15, 16, 17, 19, 21, 24]         811.0            24            100                           0
             2               [18, 20, 22, 23, 25, 26, 27, 28, 30, 31]         565.0            31             99                           1
             3                       [29, 32, 33, 34, 35, 36, 37, 38]         447.0            38            100                           0
             4                           [39, 40, 41, 42, 43, 44, 45]         464.0            45             99                           1
             5                   [46, 47, 48, 49, 50, 51, 54, 55, 61]         542.0            61            100                           0
             6                       [52, 53, 56, 57, 58, 60, 64, 66]         393.0            66             98                           2
             7                           [59, 62, 63, 65, 67, 71, 75]         285.0            75            100                           0
             8                               [68, 69, 70, 72, 73, 74]         399.0            74             99                           1
             9                                               [76, 77]         156.0            77             42                          58
-visited_num: [0, 1, 2, 3, 4, 5, 6, 7, 8, 9, 10, 11, 12, 13, 14, 15, 16, 17, 18, 19, 20, 21, 22, 23, 24, 25, 26, 27, 28, 29, 30, 31, 32, 33, 34, 35, 36, 37, 38, 39, 40, 41, 42, 43, 44, 45, 46, 47, 48, 49, 50, 51, 52, 53, 54, 55, 56, 57, 58, 59, 60, 61, 62, 63, 64, 65, 66, 67, 68, 69, 70, 71, 72, 73, 74, 75, 76, 77]
-total_current_cost: 4369.0
-current_solution: 
0: 1->2->3->4->5->6
1: 7->8->9->10->11->12->13->14->15->16->17->19->21->24
2: 18->20->22->23->25->26->27->28->30->31
3: 29->32->33->34->35->36->37->38
4: 39->40->41->42->43->44->45
5: 46->47->48->49->50->51->54->55->61
6: 52->53->56->57->58->60->64->66
7: 59->62->63->65->67->71->75
8: 68->69->70->72->73->74
