-data: P-n101-k4.vrp
-node_num: 101
-vehicle_information:  
 vehicle_index                                                                                                                    route  current_cost  last_visited  vehicle_loads  vehicle_remaining_capacity
             0  [12, 50, 51, 65, 71, 9, 30, 90, 63, 64, 49, 47, 46, 8, 17, 91, 92, 94, 87, 13, 99, 84, 60, 5, 6, 18, 7, 31, 69, 88, 52]         339.0            52            400                           0
             1                [76, 33, 34, 20, 66, 32, 82, 48, 19, 36, 45, 83, 59, 93, 98, 37, 43, 42, 100, 85, 95, 96, 97, 21, 73, 55]         324.0            55            399                           1
             2                     [27, 10, 62, 11, 14, 38, 16, 61, 89, 53, 58, 2, 57, 15, 41, 23, 67, 39, 4, 54, 3, 35, 1, 28, 26, 40]         351.0            40            400                           0
             3                                                     [77, 68, 80, 25, 24, 29, 79, 78, 81, 70, 86, 44, 22, 74, 56, 75, 72]         240.0            72            259                         141
-visited_num: [0, 1, 2, 3, 4, 5, 6, 7, 8, 9, 10, 11, 12, 13, 14, 15, 16, 17, 18, 19, 20, 21, 22, 23, 24, 25, 26, 27, 28, 29, 30, 31, 32, 33, 34, 35, 36, 37, 38, 39, 40, 41, 42, 43, 44, 45, 46, 47, 48, 49, 50, 51, 52, 53, 54, 55, 56, 57, 58, 59, 60, 61, 62, 63, 64, 65, 66, 67, 68, 69, 70, 71, 72, 73, 74, 75, 76, 77, 78, 79, 80, 81, 82, 83, 84, 85, 86, 87, 88, 89, 90, 91, 92, 93, 94, 95, 96, 97, 98, 99, 100]
-total_current_cost: 1254.0
-current_solution: 
0: 12,50,51,65,71,9,30,90,63,64,49,47,46,8,17,91,92,94,87,13,99,84,60,5,6,18,7,31,69,88,52
1: 76,33,34,20,66,32,82,48,19,36,45,83,59,93,98,37,43,42,100,85,95,96,97,21,73,55
2: 27,10,62,11,14,38,16,61,89,53,58,2,57,15,41,23,67,39,4,54,3,35,1,28,26,40
