-data: B-n78-k10.vrp
-node_num: 78
-vehicle_information:  
 vehicle_index                                             route  current_cost  last_visited  vehicle_loads  vehicle_remaining_capacity
             0       [72, 38, 71, 67, 43, 21, 24, 1, 69, 58, 17]         102.0            17             99                           1
             1                   [2, 27, 49, 31, 65, 47, 56, 52]         136.0            52            100                           0
             2                    [8, 34, 75, 37, 70, 30, 5, 63]         115.0            63            100                           0
             3  [42, 16, 41, 25, 10, 40, 64, 11, 26, 44, 23, 77]         196.0            77             99                           1
             4                       [22, 57, 7, 73, 76, 32, 29]         135.0            29            100                           0
             5                          [55, 51, 45, 46, 12, 15]         233.0            15             99                           1
             6            [53, 68, 18, 60, 66, 9, 19, 13, 61, 6]         208.0             6             98                           2
             7                              [28, 39, 48, 50, 62]         160.0            62             96                           4
             8                        [14, 74, 4, 33, 54, 20, 3]         253.0             3             99                           1
             9                                      [35, 59, 36]         207.0            36             47                          53
-visited_num: [0, 1, 2, 3, 4, 5, 6, 7, 8, 9, 10, 11, 12, 13, 14, 15, 16, 17, 18, 19, 20, 21, 22, 23, 24, 25, 26, 27, 28, 29, 30, 31, 32, 33, 34, 35, 36, 37, 38, 39, 40, 41, 42, 43, 44, 45, 46, 47, 48, 49, 50, 51, 52, 53, 54, 55, 56, 57, 58, 59, 60, 61, 62, 63, 64, 65, 66, 67, 68, 69, 70, 71, 72, 73, 74, 75, 76, 77]
-total_current_cost: 1745.0
-current_solution: 
0: 72->38->71->67->43->21->24->1->69->58->17
1: 2->27->49->31->65->47->56->52
2: 8->34->75->37->70->30->5->63
3: 42->16->41->25->10->40->64->11->26->44->23->77
4: 22->57->7->73->76->32->29
5: 55->51->45->46->12->15
6: 53->68->18->60->66->9->19->13->61->6
7: 28->39->48->50->62
8: 14->74->4->33->54->20->3
