-data: g10.rud
-node_num: 800
-set_a_count: 409
-set_b_count: 391
-current_cut_value: 1736.0
-current_solution:
set_a: 1,3,6,10,11,12,13,15,17,20,21,24,26,28,29,34,35,36,37,38,39,41,44,45,46,47,48,56,60,61,63,64,65,68,69,70,71,75,78,80,82,84,85,90,92,93,94,95,97,99,100,101,103,104,105,106,109,114,115,116,120,125,129,131,134,135,139,141,142,144,145,147,148,149,150,151,153,154,155,159,160,162,166,167,168,170,172,173,175,176,178,181,187,188,189,190,191,192,193,194,198,201,204,206,207,209,211,213,217,220,222,224,226,227,228,232,235,236,237,239,242,243,244,246,247,252,254,255,256,257,258,259,260,261,262,265,267,268,269,270,271,273,275,276,278,279,285,289,290,293,297,298,301,304,307,308,310,312,318,319,320,322,323,326,329,334,336,342,352,353,354,357,360,364,365,366,367,368,369,370,373,374,379,380,382,383,384,385,387,389,390,392,395,398,399,400,402,403,404,408,411,413,414,417,418,419,420,422,423,425,426,427,429,436,437,439,442,443,444,446,448,449,452,454,460,461,462,463,464,465,466,468,472,474,476,478,479,480,483,486,488,490,491,492,493,497,499,500,502,504,506,509,510,512,513,515,516,519,520,523,524,528,529,531,533,535,536,537,538,539,540,541,544,546,548,549,550,551,552,554,556,558,562,563,564,566,569,570,574,575,576,578,580,584,588,590,591,594,595,597,599,601,602,604,606,608,610,611,615,616,617,618,620,621,622,624,625,628,629,630,631,633,634,636,637,639,641,642,644,646,655,656,657,659,661,663,664,666,667,668,671,672,676,677,678,679,683,684,685,686,689,694,695,696,697,701,702,704,706,707,708,709,710,711,714,719,722,724,725,726,730,731,732,733,734,735,736,737,739,742,744,745,746,747,748,749,750,753,754,757,759,760,762,763,764,767,769,770,771,773,774,775,777,779,781,787,788,789,791
set_b: 0,2,4,5,7,8,9,14,16,18,19,22,23,25,27,30,31,32,33,40,42,43,49,50,51,52,53,54,55,57,58,59,62,66,67,72,73,74,76,77,79,81,83,86,87,88,89,91,96,98,102,107,108,110,111,112,113,117,118,119,121,122,123,124,126,127,128,130,132,133,136,137,138,140,143,146,152,156,157,158,161,163,164,165,169,171,174,177,179,180,182,183,184,185,186,195,196,197,199,200,202,203,205,208,210,212,214,215,216,218,219,221,223,225,229,230,231,233,234,238,240,241,245,248,249,250,251,253,263,264,266,272,274,277,280,281,282,283,284,286,287,288,291,292,294,295,296,299,300,302,303,305,306,309,311,313,314,315,316,317,321,324,325,327,328,330,331,332,333,335,337,338,339,340,341,343,344,345,346,347,348,349,350,351,355,356,358,359,361,362,363,371,372,375,376,377,378,381,386,388,391,393,394,396,397,401,405,406,407,409,410,412,415,416,421,424,428,430,431,432,433,434,435,438,440,441,445,447,450,451,453,455,456,457,458,459,467,469,470,471,473,475,477,481,482,484,485,487,489,494,495,496,498,501,503,505,507,508,511,514,517,518,521,522,525,526,527,530,532,534,542,543,545,547,553,555,557,559,560,561,565,567,568,571,572,573,577,579,581,582,583,585,586,587,589,592,593,596,598,600,603,605,607,609,612,613,614,619,623,626,627,632,635,638,640,643,645,647,648,649,650,651,652,653,654,658,660,662,665,669,670,673,674,675,680,681,682,687,688,690,691,692,693,698,699,700,703,705,712,713,715,716,717,718,720,721,723,727,728,729,738,740,741,743,751,752,755,756,758,761,765,766,768,772,776,778,780,782,783,784,785,786,790,792,793,794,795,796,797,798,799

-is_complete_solution: True
