-data: P-n101-k4.vrp
-node_num: 101
-vehicle_information:  
 vehicle_index                                                                                                              route  current_cost  last_visited  vehicle_loads  vehicle_remaining_capacity
             0           [27, 28, 69, 1, 50, 76, 77, 33, 81, 51, 9, 71, 35, 34, 78, 79, 3, 68, 80, 12, 26, 40, 58, 13, 94, 6, 53]         168.0            53            399                           1
             1       [52, 18, 83, 46, 17, 84, 5, 60, 99, 93, 61, 16, 86, 44, 14, 85, 91, 100, 98, 37, 92, 59, 87, 97, 95, 96, 89]         181.0            89            398                           2
             2  [21, 41, 2, 57, 15, 43, 42, 45, 8, 82, 48, 7, 47, 36, 49, 64, 19, 11, 63, 32, 90, 62, 10, 66, 20, 30, 70, 88, 31]         309.0            31            399                           1
             3                                                [38, 72, 4, 54, 65, 29, 24, 55, 25, 39, 67, 23, 56, 75, 22, 74, 73]         282.0            73            262                         138
-visited_num: [0, 1, 2, 3, 4, 5, 6, 7, 8, 9, 10, 11, 12, 13, 14, 15, 16, 17, 18, 19, 20, 21, 22, 23, 24, 25, 26, 27, 28, 29, 30, 31, 32, 33, 34, 35, 36, 37, 38, 39, 40, 41, 42, 43, 44, 45, 46, 47, 48, 49, 50, 51, 52, 53, 54, 55, 56, 57, 58, 59, 60, 61, 62, 63, 64, 65, 66, 67, 68, 69, 70, 71, 72, 73, 74, 75, 76, 77, 78, 79, 80, 81, 82, 83, 84, 85, 86, 87, 88, 89, 90, 91, 92, 93, 94, 95, 96, 97, 98, 99, 100]
-total_current_cost: 940.0
-current_solution: 
0: 27->28->69->1->50->76->77->33->81->51->9->71->35->34->78->79->3->68->80->12->26->40->58->13->94->6->53
1: 52->18->83->46->17->84->5->60->99->93->61->16->86->44->14->85->91->100->98->37->92->59->87->97->95->96->89
2: 21->41->2->57->15->43->42->45->8->82->48->7->47->36->49->64->19->11->63->32->90->62->10->66->20->30->70->88->31
