-data: B-n78-k10.vrp
-node_num: 78
-visited_num: 78
-vehicle_information:  vehicle_index                                        route  current_cost  last_visited  vehicle_loads  vehicle_remaining_capacity
             0      [17, 72, 1, 38, 58, 21, 24, 52, 43, 56]          51.0            56            100                           0
             1                  [69, 67, 2, 27, 47, 49, 63]          75.0            63            100                           0
             2  [65, 5, 77, 23, 44, 26, 30, 75, 40, 11, 71]         339.0            71            100                           0
             3                      [37, 70, 29, 57, 8, 22]         107.0            22            100                           0
             4     [42, 25, 10, 15, 16, 51, 64, 66, 18, 31]         526.0            31             99                           1
             5   [12, 60, 7, 34, 45, 32, 76, 9, 61, 41, 19]         421.0            19            100                           0
             6                      [6, 53, 73, 46, 62, 13]         361.0            13             99                           1
             7          [68, 3, 50, 20, 54, 28, 14, 55, 36]         497.0            36             99                           1
             8                          [39, 74, 48, 33, 4]         176.0             4             98                           2
             9                                     [35, 59]         186.0            59             42                          58
-total_current_cost: 2739.0
-current_solution:
vehicle 0: 0->17->72->1->38->58->21->24->52->43->56->0
vehicle 1: 0->69->67->2->27->47->49->63->0
vehicle 2: 0->65->5->77->23->44->26->30->75->40->11->71->0
vehicle 3: 0->37->70->29->57->8->22->0
vehicle 4: 0->42->25->10->15->16->51->64->66->18->31->0
vehicle 5: 0->12->60->7->34->45->32->76->9->61->41->19->0
vehicle 6: 0->6->53->73->46->62->13->0
vehicle 7: 0->68->3->50->20->54->28->14->55->36->0
vehicle 8: 0->39->74->48->33->4->0
vehicle 9: 0->35->59->0
