-data: M-n200-k17.vrp
-node_num: 200
-vehicle_information:  
 vehicle_index                                                                   route  current_cost  last_visited  vehicle_loads  vehicle_remaining_capacity
             0             [7, 49, 64, 65, 136, 9, 1, 156, 13, 57, 15, 115, 2, 53, 27]         230.0            27            200                           0
             1                [3, 105, 28, 146, 112, 40, 21, 67, 39, 4, 117, 6, 8, 69]         224.0            69            200                           0
             2                      [147, 85, 91, 140, 38, 5, 18, 10, 11, 101, 12, 58]         182.0            58            200                           0
             3                      [73, 22, 133, 25, 23, 56, 72, 154, 46, 30, 31, 70]         225.0            70            200                           0
             4                    [111, 89, 37, 14, 16, 141, 191, 17, 44, 183, 94, 60]         153.0            60            200                           0
             5  [179, 110, 155, 139, 187, 170, 55, 34, 50, 176, 127, 166, 92, 41, 180]         204.0           180            199                           1
             6              [149, 42, 113, 61, 119, 100, 95, 96, 83, 82, 175, 48, 199]         195.0           199            198                           2
             7                 [189, 63, 90, 103, 161, 51, 157, 102, 76, 184, 116, 77]         113.0            77            198                           2
             8                       [118, 84, 88, 148, 62, 158, 196, 150, 54, 74, 59]         174.0            59            200                           0
             9       [152, 137, 80, 78, 35, 66, 20, 181, 143, 36, 19, 52, 106, 93, 99]         233.0            99            199                           1
            10                 [171, 145, 178, 144, 177, 160, 126, 107, 123, 124, 114]         182.0           114            199                           1
            11            [128, 188, 169, 121, 163, 130, 165, 186, 142, 192, 193, 125]         197.0           125            182                          18
            12              [45, 132, 32, 162, 167, 138, 33, 71, 135, 29, 24, 134, 26]         226.0            26            200                           0
            13                                                                   [174]          58.0           174             27                         173
            14                         [195, 109, 68, 129, 79, 164, 153, 168, 47, 194]         141.0           194            196                           4
            15                            [198, 197, 185, 81, 120, 122, 108, 159, 182]         130.0           182            191                           9
            16                  [131, 190, 75, 43, 172, 87, 104, 173, 86, 98, 151, 97]         209.0            97            197                           3
-visited_num: [0, 1, 2, 3, 4, 5, 6, 7, 8, 9, 10, 11, 12, 13, 14, 15, 16, 17, 18, 19, 20, 21, 22, 23, 24, 25, 26, 27, 28, 29, 30, 31, 32, 33, 34, 35, 36, 37, 38, 39, 40, 41, 42, 43, 44, 45, 46, 47, 48, 49, 50, 51, 52, 53, 54, 55, 56, 57, 58, 59, 60, 61, 62, 63, 64, 65, 66, 67, 68, 69, 70, 71, 72, 73, 74, 75, 76, 77, 78, 79, 80, 81, 82, 83, 84, 85, 86, 87, 88, 89, 90, 91, 92, 93, 94, 95, 96, 97, 98, 99, 100, 101, 102, 103, 104, 105, 106, 107, 108, 109, 110, 111, 112, 113, 114, 115, 116, 117, 118, 119, 120, 121, 122, 123, 124, 125, 126, 127, 128, 129, 130, 131, 132, 133, 134, 135, 136, 137, 138, 139, 140, 141, 142, 143, 144, 145, 146, 147, 148, 149, 150, 151, 152, 153, 154, 155, 156, 157, 158, 159, 160, 161, 162, 163, 164, 165, 166, 167, 168, 169, 170, 171, 172, 173, 174, 175, 176, 177, 178, 179, 180, 181, 182, 183, 184, 185, 186, 187, 188, 189, 190, 191, 192, 193, 194, 195, 196, 197, 198, 199]
-total_current_cost: 3076.0
-current_solution: 
0: 7,49,64,65,136,9,1,156,13,57,15,115,2,53,27
1: 3,105,28,146,112,40,21,67,39,4,117,6,8,69
2: 147,85,91,140,38,5,18,10,11,101,12,58
3: 73,22,133,25,23,56,72,154,46,30,31,70
4: 111,89,37,14,16,141,191,17,44,183,94,60
5: 179,110,155,139,187,170,55,34,50,176,127,166,92,41,180
6: 149,42,113,61,119,100,95,96,83,82,175,48,199
7: 189,63,90,103,161,51,157,102,76,184,116,77
8: 118,84,88,148,62,158,196,150,54,74,59
9: 152,137,80,78,35,66,20,181,143,36,19,52,106,93,99
10: 171,145,178,144,177,160,126,107,123,124,114
11: 128,188,169,121,163,130,165,186,142,192,193,125
12: 45,132,32,162,167,138,33,71,135,29,24,134,26
13: 174
14: 195,109,68,129,79,164,153,168,47,194
15: 198,197,185,81,120,122,108,159,182
